770607.2340592897
771202.2640910122
767661.5028463345
762978.6903167313
766060.077684914
766910.6799332276
769425.865794956
769520.739465487
772519.7643423708
770604.503353471
758919.834507179
755196.5394001664
751253.8286497716
761259.3225316863
770704.0654597644
759210.2845126083
769339.5953846732
755925.8473966573
767071.9489455491
771276.2853471027
758941.6657110433
766944.893416691
770556.4936340665
770633.8793881845
770026.5193589584
762529.9219593189
766034.97742492
772849.6227646341
766518.9177607202
768964.7509095817
757094.1849922076
753409.2780665241
767357.4160507722
769507.7977848505
767522.2401371209
770158.6074581578
770089.2068312216
770041.4970922039
768670.612469283
770999.5144593291
766941.0055274515
772711.3536341286
767739.1384739584
749651.207971621
764546.9881307213
766962.582197164
768745.5962953306
773754.5578180731
770785.6198544316
771549.5490076434
767854.5037217735
770537.3571681823
774981.1178706134
771132.3251819634
765262.9233678457
769412.9602956023
754755.8419146122
774596.391151623
768917.0233670687
763697.3151082338
752672.112250962
776978.5021934109
771163.6845618315
774338.2848954875
754909.492254499
761002.9744573894
770922.4427960978
772539.0238423577
766107.4334974241
769362.9980462145
754668.7485088444
754562.5511655988
759351.2694606249
771068.5679104051
767474.836311665
762197.6404693059
773759.4258038524
774382.5725938125
770829.2157586481
761369.4979374227
770062.8283177492
757847.493942713
771754.2820620592
766982.5378993067
771584.452952022
770962.2380087404
772441.5865599677
767161.9789150249
768080.4806797409
774585.8979882546
768529.2856397111
765676.5162651788
767817.9379566328
765726.6976931473
775027.4031264755
754456.3575916544
766470.6079480802
769348.3983856839
770641.2162572962
771771.2948725119
766208.8607596983
774571.8084570735
762823.9189025746
766045.6794689373
768522.2341260378
761261.282880921
773400.8746265232
762801.8012270187
763003.7540160461
767651.4563235466
771796.9098964401
770561.885842197
772506.5853707211
774037.0323456627
759238.058127297
770482.6569242745
763508.323044926
770976.109599924
750037.8583300725
763600.2564259954
768733.8435774222
769966.4826132028
761559.0402503576
769804.6397162275
770468.1297625288
766538.7005000025
770587.0804430115
750833.4989448662
764817.330084138
766110.5577669935
768769.8779257834
756582.5328440231
769869.3886630258
774024.6803744751
763855.9083671008
755560.975498996
768067.9386235073
754601.6931590746
763979.7413762897
776505.1759606482
768789.6571401246
768459.4640987383
769037.5407380726
769126.7871541695
777428.3192513551
771864.7583399968
763542.2793983823
775635.0635917119
768796.6009083306
770843.9161796385
768594.3812531043
774109.616801998
766118.3228576072
767321.7536718351
771741.0043422766
774482.7949327459
773204.4462616296
772592.3838619228
764131.1855417793
771893.7220581305
764717.8033398743
771461.248876898
766723.0729018515
760919.6482276693
766685.5118330601
774207.7003235386
758563.8771986045
771575.2599856352
766556.5969433365
