770607.2340592897
771202.2640910122
767661.5028463345
762978.6903167313
766060.077684914
766910.6799332276
769425.865794956
769520.739465487
772519.7643423708
770604.503353471
758919.834507179
755196.5394001664
751253.8286497716
761259.3225316863
770704.0654597644
759210.2845126083
769339.5953846732
755925.8473966573
767071.9489455491
771276.2853471027
758941.6657110433
766944.893416691
770556.4936340665
770633.8793881845
770026.5193589584
762529.9219593189
766034.97742492
772849.6227646341
766518.9177607202
768964.7509095817
757094.1849922076
753409.2780665241
767357.4160507722
769507.7977848505
767522.2401371209
770158.6074581578
770089.2068312216
770041.4970922039
768670.612469283
770999.5144593291
766941.0055274515
772711.3536341286
767739.1384739584
749651.207971621
764546.9881307213
766962.582197164
768745.5962953306
773754.5578180731
770785.6198544316
771549.5490076434
767854.5037217735
770537.3571681823
774981.1178706134
771132.3251819634
765262.9233678457
769412.9602956023
754755.8419146122
774596.391151623
768917.0233670687
763697.3151082338
752672.112250962
776978.5021934109
771163.6845618315
774338.2848954875
754909.492254499
761002.9744573894
770922.4427960978
772539.0238423577
766107.4334974241
769362.9980462145
754668.7485088444
754562.5511655988
759351.2694606249
771068.5679104051
767474.836311665
762197.6404693059
773759.4258038524
774382.5725938125
770829.2157586481
761369.4979374227
770062.8283177492
757847.493942713
771754.2820620592
766982.5378993067
771584.452952022
770962.2380087404
772441.5865599677
767161.9789150249
768080.4806797409
774585.8979882546
768529.2856397111
765676.5162651788
767817.9379566328
765726.6976931473
775027.4031264755
754456.3575916544
766470.6079480802
769348.3983856839
770641.2162572962
771771.2948725119
766208.8607596983
774571.8084570735
762823.9189025746
766045.6794689373
768522.2341260378
761261.282880921
773400.8746265232
762801.8012270187
763003.7540160461
767651.4563235466
771796.9098964401
770561.885842197
772506.5853707211
774037.0323456627
759238.058127297
770482.6569242745
763508.323044926
770976.109599924
750037.8583300725
763600.2564259954
768733.8435774222
769966.4826132028
761559.0402503576
769804.6397162275
770468.1297625288
766538.7005000025
770587.0804430115
750833.4989448662
764817.330084138
766110.5577669935
768769.8779257834
756582.5328440231
769869.3886630258
774024.6803744751
763855.9083671008
755560.975498996
768067.9386235073
754601.6931590746
763979.7413762897
776505.1759606482
768789.6571401246
768459.4640987383
769037.5407380726
769126.7871541695
777428.3192513551
771864.7583399968
763542.2793983823
775635.0635917119
768796.6009083306
770843.9161796385
768594.3812531043
774109.616801998
766118.3228576072
767321.7536718351
771741.0043422766
774482.7949327459
773204.4462616296
772592.3838619228
764131.1855417793
771893.7220581305
764717.8033398743
771461.248876898
766723.0729018515
760919.6482276693
766685.5118330601
774207.7003235386
758563.8771986045
771575.2599856352
766556.5969433365
773514.3277458678
771316.7174493568
769988.7513792398
772561.0375436958
767877.6520415794
768516.7979372789
770140.2126604079
772109.4432895207
766332.4614366925
769360.6831211308
771397.6731169164
770079.4779419978
764897.6960594138
773146.8037819561
765932.4263222457
768746.9832294664
769209.4901488209
774068.4777477278
773823.4527623674
771902.2175727603
768701.9106390412
770809.46621943
766314.5331201346
772616.6591066527
772433.1437704802
773191.7595060003
768065.1722633721
777090.0737197832
764583.9129735506
767880.0131285607
770716.2546934651
769462.6420461464
767828.7504679458
761133.2807056275
768990.4627213075
762956.9008254567
773044.0065811916
771492.777391141
769576.0776276722
762110.0573942501
771527.421013005
773433.8550303652
768789.6453807547
761621.7640974543
764442.3291743423
770519.7155375279
763673.5998170677
772354.3930564045
766871.6337924704
766636.6669991347
765100.7308586751
776637.5618752188
765034.4442978345
772501.9748876407
768447.5712494064
763671.3730400853
767830.7896168184
761402.2482594859
773332.5742021109
755636.809869234
766379.2327989388
775744.9791180373
769929.1294391659
768697.7100360048
767735.0287908295
770290.2156973254
767111.9467558755
759370.6404137176
761375.6288183545
773613.2099423817
767318.4732895273
763958.5739546148
770733.1976920414
766628.2132181122
749480.2449338986
770439.7311068147
771436.1844558395
768651.0432434164
761021.0376341562
771724.3961120397
771359.4474572253
767523.7661014223
755934.7275849846
772480.7614567908
774351.9413959678
768534.3654254761
770234.8308267932
767950.779302445
767441.9174615723
767145.3555129314
763410.5403570167
770250.7754035321
751949.6854127113
769385.9915320369
770016.0574080603
769628.3198772316
771530.7262294792
771981.2038384388
769505.3796473828
771324.2062705685
760153.1955099867
797655.0525329784
781665.0153176531
791835.5841796849
797657.5421724119
785575.0642718546
782552.3616679336
